r	C(r)
0	0.22731799666418762
1	-0.12207654735003848
2	0.0033798044456553322
3	0.03419009288173108
4	-0.03333947388441391
5	0.002462338833275096
6	0.02017409178136828
7	-0.02396518953648627
8	0.007821455604855032
9	0.00959724847496135
10	-0.01624054040619069
11	0.007554605697509736
12	0.0060447473778801886
13	-0.013883478038986583
14	0.009645089390964312
15	0.001141810452491246
16	-0.009623019674581512
17	0.008715279734441778
18	-0.0005835382180794935
19	-0.007824509746323718
20	0.00924313896897791
21	-0.0034244102208760147
22	-0.004570036355829504
23	0.007757257194811962
24	-0.004133228568413222
25	-0.0030286299130381777
26	0.007359188087144891
27	-0.0056508173824658114
28	-0.0004792094784606682
29	0.0055289187122750105
30	-0.005538251467734692
31	0.000661418023522764
32	0.004639061400715433
33	-0.006054250124163135
34	0.0024891270324138015
35	0.0027299083801268775
36	-0.005284346953421573
37	0.0030838851558852853
38	0.001714934164012416
39	-0.005072697740289817
40	0.004162832088663637
41	-7.4036822274581304e-06
42	-0.0038633397845889428
43	0.004158295693861058
44	-0.0008482968080730652
45	-0.0032156173070773675
46	0.004536376636420064
47	-0.002169676095687384
48	-0.0018255814358519445
49	0.003990349063510146
50	-0.002630759329537685
51	-0.001037037873053162
52	0.003805977845733971
53	-0.003427561339201496
54	0.00027570305823279573
55	0.0028723756233223208
56	-0.0034168902319720584
57	0.0009443842837098537
58	0.0023341413320912274
59	-0.0036743842555584383
60	0.001968922653626165
61	0.0012258596090345408
62	-0.0032157973130305384
63	0.0023303920682843093
64	0.0005721348757344591
65	-0.00302267122849062
66	0.0029392311341161492
67	-0.0004870155281682803
68	-0.0022365046449937392
69	0.002904967250372592
70	-0.0010351597767375154
71	-0.0017579014109716518
72	0.003071500548655376
73	-0.00185777274693405
74	-0.0008242956588793149
75	0.002656955309945669
76	-0.0021381986179181967
77	-0.00026047424387889984
78	0.0024507398669775526
79	-0.0026093613862925025
80	0.0006263753111952347
81	0.0017591992846039683
82	-0.0025455786248823192
83	0.0010857994240546232
84	0.0013211856651479392
85	-0.0026404812904768094
86	0.0017622138098996737
87	0.0005107277170453839
88	-0.002248201312455872
89	0.001978089889995871
90	1.5094296855311384e-05
91	-0.002028611326354929
92	0.0023447706708874805
93	-0.0007432246717424262
94	-0.001401862638292145
95	0.0022538811897817312
96	-0.00113133016680457
97	-0.0009936993472274974
98	0.002292414401842441
99	-0.0016943321311570503
100	-0.0002748962989636561
101	0.001913897130198683
102	-0.001855451174295225
103	0.00016674923248921614
104	0.0016834943355258092
105	-0.002138739530200648
106	0.0008249989860823481
107	0.0011061023494704225
108	-0.002022299624674956
109	0.0011545972124506754
110	0.0007227644960417917
111	-0.002014969281520576
112	0.0016267282481155498
113	7.721227698341548e-05
114	-0.0016446857701470918
115	0.001741670740219678
116	-0.00031863477954115205
117	-0.0014056544535690496
118	0.001956978100064871
119	-0.0008948252765382247
120	-0.0008671474428656456
121	0.0018182238609656953
122	-0.0011738945185549715
123	-0.0005052797780230045
124	0.0017734794623944783
125	-0.001570343368064775
126	7.996361752270198e-05
127	0.001409543389646023
128	-0.0016446852380408439
129	0.000436133174157291
130	0.0011645134257930317
131	-0.0018029986736475823
132	0.0009433751234388665
133	0.0006589938181997546
134	-0.0016440476848897656
135	0.0011784238964063498
136	0.0003170940212620932
137	-0.0015682738315580536
138	0.001510664383305188
139	-0.00021618320507099664
140	-0.0012092407865029048
141	0.0015495513221454593
142	-0.0005364650103543284
143	-0.0009603873175812738
144	0.001659556244408375
145	-0.0009838962490132386
146	-0.00048344050302104313
147	0.0014831565821797343
148	-0.0011793045294244964
149	-0.00016041427705548728
150	0.0013817724183743663
151	-0.0014558160689447097
152	0.0003272723635688868
153	0.0010276445815472907
154	-0.001462874331525102
155	0.0006148030150900097
156	0.0007772358944796443
157	-0.0015313154393651746
158	0.0010095931941532799
159	0.00032634516237164957
160	-0.0013394581107104564
161	0.0011692640992236603
162	2.1877039961759603e-05
163	-0.0012168628339852688
164	0.001396902444973494
165	-0.000424612083178455
166	-0.0008676028330784624
167	0.001375672484994983
168	-0.0006814417588352217
169	-0.0006175558901257289
170	0.0014082033764699076
171	-0.001028982306675974
172	-0.0001907105461559505
173	0.0012032236970980215
174	-0.0011557427649656893
175	9.548302694960265e-05
176	0.0010633008757951062
177	-0.0013399624876921645
178	0.0005043446942072788
179	0.0007195631516928175
180	-0.001293139441470234
181	0.0007323608491245082
182	0.00047178555890850515
183	-0.0012944442648652604
184	0.0010371303381511154
185	6.786997300327335e-05
186	-0.0010781766057064712
187	0.0011336946517740282
188	-0.00019997478004651903
189	-0.0009242328997708105
190	0.0012791334266321341
191	-0.000573833906776372
192	-0.0005865327821396316
193	0.0012094477968614958
194	-0.0007743657906842949
195	-0.00034265185873612325
196	0.0011836130946203394
197	-0.0010399723413944961
198	3.928143808720752e-05
199	0.0009580993816071526
200	-0.0011084552565164274
201	0.0002888016281489547
202	0.000793118915489846
203	-0.0012190324990522666
204	0.0006299053741491006
205	0.00046232338390610195
206	-0.0011287002850077776
207	0.0008043032787181659
208	0.00022391419922962452
209	-0.0010792747518183765
210	0.0010338808413179607
211	-0.00013654380958375012
212	-0.0008462081825073298
213	0.0010764171840303427
214	-0.0003675962424271595
215	-0.0006728066433858149
216	0.0011555877971723139
217	-0.0006777226685537596
218	-0.00034963236715257473
219	0.00104688785268163
220	-0.0008270276082439076
221	-0.00011803652376901619
222	0.000977048327617469
223	-0.0010232620424482919
224	0.00022141486983703884
225	0.000738242666245767
226	-0.0010416220165218593
227	0.0004339971183006941
228	0.0005588074832076767
229	-0.0010924456226153179
230	0.0007147388303025415
231	0.0002441443988762948
232	-0.0009673158757877026
233	0.000840078533375338
234	2.0635336875879373e-05
235	-0.0008799106134418366
236	0.001005383328181994
237	-0.00029806725902245534
238	-0.0006369223936252139
239	0.001001398998333014
240	-0.00049209957338818
241	-0.00045357967236479835
242	0.001026641574304557
243	-0.0007448179060742244
244	-0.00014817869242850223
245	0.0008870758767303144
246	-0.0008471353442173896
247	6.617080707760348e-05
248	0.0007846974071012147
249	-0.00098368676548162
250	0.0003643956535927806
251	0.0005391440656862395
252	-0.0009589492912167596
253	0.0005399469241079841
254	0.0003538457017364105
255	-0.0009611440384058728
256	0.0007659071163734488
257	5.85298607611584e-05
258	-0.0008088929070535489
259	0.0008462499060266637
260	-0.00014565743877549553
261	-0.0006939128932573202
262	0.0009560531257897104
263	-0.00042358798415156884
264	-0.00044721260936746166
265	0.0009122215199665051
266	-0.000580692906943292
267	-0.0002617081269774002
268	0.0008936994307406354
269	-0.0007810536715573968
270	2.2822613950229664e-05
271	0.0007305521422804051
272	-0.0008403501541211361
273	0.00021602176359702963
274	0.0006051533378580165
275	-0.0009252827295247734
276	0.00047387457900593954
277	0.0003587436567231983
278	-0.0008638445776339709
279	0.0006127111235868926
280	0.00017464369415859382
281	-0.0008267886172271949
282	0.0007885793422221649
283	-9.838971339291847e-05
284	-0.0006543498575574402
285	0.0008278611056667523
286	-0.00027984063342899324
287	-0.000520551735145397
288	0.0008896846812216919
289	-0.0005178130867475039
290	-0.00027570962417342026
291	0.0008121878295771767
292	-0.0006385457396264338
293	-9.44566038527106e-05
294	0.0007586322201411366
295	-0.000790988687853933
296	0.0001664752064442776
297	0.0005785269284611927
298	-0.0008112043273571651
299	0.00033557648322452005
300	0.00043820204319426626
301	-0.0008516106929722655
302	0.0005539058913483219
303	0.00019619461310191322
304	-0.0007594730429013041
305	0.0006568323368385393
306	1.911687295719222e-05
307	-0.0006913485961859145
308	0.0007868887792776835
309	-0.00022913314249489725
310	-0.0005050545509435733
311	0.0007890811012148391
312	-0.0003853430207728936
313	-0.0003599434490135084
314	0.0008096784325243578
315	-0.0005842858704785958
316	-0.00012190394288466577
317	0.0007043658107083878
318	-0.0006697002961250365
319	4.981779955851029e-05
320	0.0006234880167665935
321	-0.000778405037710303
322	0.0002849011576229604
323	0.0004324861579087236
324	-0.000763554984565748
325	0.00042782253037515483
326	0.0002842103268955454
327	-0.000765911356200244
328	0.0006076767343319717
329	5.1241230789866865e-05
330	-0.000648785631300608
331	0.0006759950170114604
332	-0.00011404003271833774
333	-0.0005568893993234125
334	0.0007643672335867491
335	-0.0003355182726083872
336	-0.00036253825922200056
337	0.0007335380150837734
338	-0.0004648075746156305
339	-0.00021260399598607704
340	0.0007191577018599432
341	-0.0006259113196229182
342	1.4307312438677222e-05
343	0.0005916149886015104
344	-0.0006775505627406031
345	0.0001721982951225498
346	0.0004903415668340017
347	-0.0007466233532797822
348	0.0003797182661329085
349	0.00029398771039351734
350	-0.0007008289936950296
351	0.0004951651031800397
352	0.00014380116041257107
353	-0.0006711900893435485
354	0.0006378972460605592
355	-7.611095366981402e-05
356	-0.000534539222558944
357	0.0006733843803047035
358	-0.0002257452070854038
359	-0.0004254598167982293
360	0.0007241823264380887
361	-0.0004190137535878824
362	-0.00022834403443294793
363	0.000664506100686385
364	-0.0005204559149334376
365	-7.92048373108728e-05
366	0.0006210351451227947
367	-0.0006452462441000062
368	0.00013286850566898711
369	0.00047660543265620747
370	-0.0006651113234025785
371	0.0002735056063944835
372	0.00036121167783392805
373	-0.000698680242013
374	0.00045230700695524095
375	0.00016454952931861666
376	-0.0006261637284253885
377	0.0005397053982422184
378	1.767002513436422e-05
379	-0.0005702657072537698
380	0.0006470225085616621
381	-0.000185782113229907
382	-0.00041930980306434384
383	0.0006518934210034688
384	-0.00031675566000996525
385	-0.0002990267470540098
386	0.0006692740764427108
387	-0.0004809419964597744
388	-0.00010393918197401653
389	0.0005850146995338978
390	-0.0005543010645260027
391	3.957065027851425e-05
392	0.0005180502402409998
393	-0.000644668464920381
394	0.0002337114776202187
395	0.000361827864876485
396	-0.0006351763104700814
397	0.0003544746765361817
398	0.00023800989555609886
399	-0.0006374314454986457
400	0.0005039690798447488
401	4.5581052540072386e-05
402	-0.0005424888992616173
403	0.000563406928071053
404	-9.352775321008755e-05
405	-0.00046579611220123884
406	0.0006373842599024654
407	-0.00027773241002393423
408	-0.0003054967918530993
409	0.0006142457977711124
410	-0.0003878055715896833
411	-0.00017943111073871754
412	0.0006024339481800756
413	-0.0005226026831013642
414	9.342062640804727e-06
415	0.0004979102513445466
416	-0.000568276700509962
417	0.00014311907661812562
418	0.00041278649035722537
419	-0.0006264779900412576
420	0.0003168480292173037
421	0.0002495939884313153
422	-0.000590411875403235
423	0.0004158655871111805
424	0.0001225024279320197
425	-0.0005656100704447553
426	0.000536025546332336
427	-6.166494624371133e-05
428	-0.00045257090153165425
429	0.0005681973338174662
430	-0.00018925216660001243
431	-0.00036028667230013356
432	0.0006112692559906013
433	-0.0003520367134978858
434	-0.00019531808159592434
435	0.0005630673631035754
436	-0.00043969476524280404
437	-6.835250073802812e-05
438	0.0005263472288787874
439	-0.0005453498102497012
440	0.00011034122791005185
441	0.0004058871084005322
442	-0.0005643160019473681
443	0.00023098047034032787
444	0.0003076731437973712
445	-0.000592955880197657
446	0.00038243174982795225
447	0.0001420276997257941
448	-0.0005334094358458996
449	0.00045853512155441534
450	1.6277396428898694e-05
451	-0.0004858548346494407
452	0.0005498777109803482
453	-0.000156130113174488
454	-0.000359031390719286
455	0.0005560293501608582
456	-0.0002691318610251736
457	-0.0002560852953033266
458	0.0005709628045131032
459	-0.00040893521293985935
460	-9.079705173112296e-05
461	0.0005009235195274769
462	-0.000473345680459647
463	3.272240739475574e-05
464	0.0004436100823873579
465	-0.0005506384427424182
466	0.00019811007014344795
467	0.00031149649155415293
468	-0.0005443970329194192
469	0.000302883951155436
470	0.00020497521020829135
471	-0.0005463942321464604
472	0.0004307998200961394
473	4.10491682649311e-05
474	-0.0004667095266731036
475	0.00048348204152776075
476	-7.928522585243236e-05
477	-0.00040071706521779826
478	0.0005470423936884267
479	-0.00023698154883501632
480	-0.00026434761755243785
481	0.0005289134802517331
482	-0.0003330027063741803
483	-0.00015536770520585552
484	0.0005187676490271687
485	-0.00044886706205271576
486	6.256144592126089e-06
487	0.0004303324424870941
488	-0.0004898380839354205
489	0.00012252888087603553
490	0.0003567284360751488
491	-0.0005400495709560887
492	0.0002719388107760984
493	0.00021714004247777585
494	-0.0005105640472618106
495	0.0003587803559555458
496	0.00010677526062288778
497	-0.0004891050942867625
498	0.0004624997103297446
499	-5.164557655529256e-05
500	-0.00039280542246784844
501	0.0004918728333710709
502	-0.0001630410657833259
503	-0.0003126523827048644
504	0.0005291679135979305
505	-0.00030363688434509317
506	-0.0001708400744452332
507	0.0004889297089896438
508	-0.0003809345991383495
509	-6.01162528423016e-05
510	0.00045700451920810403
511	-0.0004724903782829387
512	9.426631416777076e-05
513	0.0003537607975873519
514	-0.0004904264742116443
515	0.00020005004122497505
516	0.00026810388013873143
517	-0.000515297887772978
518	0.00033137821428139147
519	0.0001250529514209009
520	-0.00046493052289905967
521	0.0003988637696542563
522	1.4950287037018839e-05
523	-0.000423413504816339
524	0.0004783031338018995
525	-0.00013460677812116018
526	-0.00031413191562182363
527	0.00048505174348878466
528	-0.00023410517910493756
529	-0.00022400161822216935
530	0.000498034665641453
531	-0.00035578297525171165
532	-8.065190215464368e-05
533	0.0004382230823437028
534	-0.00041324769820133556
535	2.790462771162794e-05
536	0.0003879988229698733
537	-0.0004806902734740687
538	0.00017191529846952158
539	0.0002736068446052148
540	-0.0004765431734665426
541	0.0002645384548876778
542	0.00018001071295223325
543	-0.0004782256817870145
544	0.0003762548750162048
545	3.728073802963805e-05
546	-0.0004096680111256301
547	0.0004235827502382661
548	-6.88533848974271e-05
549	-0.0003516385672934219
550	0.0004792085647063321
551	-0.00020665221449461812
552	-0.00023304357222178607
553	0.00046453760227281593
554	-0.00029187093169380507
555	-0.00013696471853788528
556	0.00045554308070894223
557	-0.00039338746317639506
558	4.276234818745284e-06
559	0.00037898676151999766
560	-0.00043051860874745995
561	0.00010717351273814568
562	0.0003140570333316217
563	-0.0004745759810920458
564	0.0002381619795321921
565	0.00019217485372083343
566	-0.000449789251588506
567	0.0003155321027873692
568	9.456761505606537e-05
569	-0.0004307853378717613
570	0.0004066789886447014
571	-4.4346893693786305e-05
572	-0.0003469840363866661
573	0.00043364166100112733
574	-0.00014324449089014868
575	-0.000276065814449708
576	0.0004664332975244101
577	-0.00026688535067703745
578	-0.00015178604273602403
579	0.0004320093920550938
580	-0.00033602268988497386
581	-5.357085428345232e-05
582	0.0004036912963711753
583	-0.00041670254084159863
584	8.22326771341142e-05
585	0.0003134355459884913
586	-0.0004335768840562637
587	0.0001764352012450926
588	0.0002374358154635936
589	-0.0004554680171577896
590	0.00029225819770548056
591	0.00011164414980779913
592	-0.0004119151078103289
593	0.0003528636164031179
594	1.3706952201167355e-05
595	-0.00037501264879249985
596	0.0004230440749030673
597	-0.00011824224933626448
598	-0.0002790918412909349
599	0.0004299925222160106
600	-0.00020710829236109118
601	-0.00019891372033495336
602	0.00044139602016662893
603	-0.0003147085706231012
604	-7.246349948493436e-05
605	0.00038928233461127393
606	-0.0003665413486196034
607	2.435248717963523e-05
608	0.0003445446827934351
609	-0.00042626052689509475
610	0.00015176008362322024
611	0.0002437725250919731
612	-0.00042349232158894745
613	0.00023472002501843947
614	0.00016030661453433903
615	-0.00042487639722901815
616	0.00033375900355980814
617	3.4035656749142884e-05
618	-0.00036479245710954733
619	0.000376661987030541
620	-6.085570348773883e-05
621	-0.00031299303471096773
622	0.0004260184305424075
623	-0.00018308349859826045
624	-0.00020817451547078258
625	0.00041381796304350293
626	-0.00025962329591375233
627	-0.00012229694471756203
628	0.00040569100625646726
629	-0.0003498301331245207
630	2.995123375260089e-06
631	0.0003382762538793882
632	-0.00038370208148251483
633	9.520903403549552e-05
634	0.00028019930058215126
635	-0.00042286119830833857
636	0.00021167737702663947
637	0.00017215130510832288
638	-0.00040155374202624494
639	0.0002813576621047975
640	8.471817155984718e-05
641	-0.00038447109651046363
642	0.0003625261203777652
643	-3.8821557539731044e-05
644	-0.000310379488480228
645	0.0003873463257662024
646	-0.00012764963007559638
647	-0.0002468227247470617
648	0.0004165284412206427
649	-0.0002378342613459511
650	-0.00013634586383631797
651	0.00038650608590135027
652	-0.00030027184561971787
653	-4.818865554775953e-05
654	0.0003610552061344141
655	-0.0003722639496392677
656	7.286876375711682e-05
657	0.00028097800580517696
658	-0.0003880640777706168
659	0.00015765987536948967
660	0.00021274133050877553
661	-0.00040755118091942433
662	0.000261096618760559
663	0.00010063608672739033
664	-0.0003692401813128604
665	0.0003159842891619219
666	1.2559198077674583e-05
667	-0.00033604611609416857
668	0.0003787239392053776
669	-0.00010532157969063427
670	-0.00025068100556158157
671	0.0003856116311002633
672	-0.00018547276419683678
673	-0.000178566917366757
674	0.00039573422511796075
675	-0.0002817574376111909
676	-6.561020258405437e-05
677	0.00034961829316312865
678	-0.00032884363424795504
679	2.16159623356027e-05
680	0.0003093296816298746
681	-0.00038232171932831016
682	0.00013567375592515862
683	0.00021939980492226285
684	-0.00038045240613907017
685	0.00021064458468747493
686	0.00014420446682505972
687	-0.0003815960307965577
688	0.0002994335422638328
689	3.116169553456227e-05
690	-0.00032818565460884797
691	0.000338542330384356
692	-5.447680526371457e-05
693	-0.00028147866938524335
694	0.00038280779203236914
695	-0.00016410897861179885
696	-0.00018770538742057807
697	0.0003724068831622296
698	-0.00023340981443373265
699	-0.00011021687443729666
700	0.0003649983943685986
701	-0.00031442222128583164
702	2.176909055587317e-06
703	0.0003048513381577467
704	-0.00034543159543493074
705	8.553315860343469e-05
706	0.00025241695949994314
707	-0.00038059736604702243
708	0.00019018860429667606
709	0.00015553528722822563
710	-0.0003619324920336453
711	0.0002533960659297785
712	7.652718493261768e-05
713	-0.00034644593172540594
714	0.0003264108937151844
715	-3.450452525385894e-05
716	-0.0002801388435568902
717	0.0003492724664063418
718	-0.00011492286747555314
719	-0.00022268510948372788
720	0.0003755046402485196
721	-0.00021410069453350888
722	-0.00012342019766431456
723	0.00034890611207819
724	-0.0002708436130278574
725	-4.3647802888874265e-05
726	0.00032584898808021845
727	-0.0003357036488590981
728	6.53452004092947e-05
729	0.00025399503072806584
730	-0.0003504200333571128
731	0.00014221945283796056
732	0.00019223595835904383
733	-0.0003679440948527596
734	0.00023547271553724103
735	9.131511612572862e-05
736	-0.0003337780035105459
737	0.000285448245215314
738	1.1511671035996374e-05
739	-0.0003036961755880224
740	0.0003420541305998309
741	-9.479727335170995e-05
742	-0.00022691920077325123
743	0.0003486979469004142
744	-0.00016756457407204883
745	-0.0001615752707015694
746	0.0003577866666901741
747	-0.00025450137464189115
748	-5.9708213491271867e-05
749	0.00031647337099988126
750	-0.0002974590162700963
751	1.942076704677942e-05
752	0.0002799378432970512
753	-0.0003457744256325501
754	0.00012244192123725406
755	0.0001988871416768595
756	-0.00034446521114653295
757	0.00019059457757401865
758	0.0001306761670776535
759	-0.00034544471398642584
760	0.0002708781525385673
761	2.8563856426855327e-05
762	-0.00029743319752195685
763	0.00030663610423051213
764	-4.921396585308435e-05
765	-0.000255043775380312
766	0.00034667940673346886
767	-0.0001483828638683682
768	-0.0001703710504519229
769	0.00033760159700205183
770	-0.00021145968197991416
771	-0.00010000689147079966
772	0.0003308385629960803
773	-0.00028481139616029494
774	1.674460270439937e-06
775	0.00027662277407397573
776	-0.0003132390307535732
777	7.746058637755904e-05
778	0.00022899582219920722
779	-0.0003450891356684138
780	0.00017225847760929391
781	0.00014136710523929286
782	-0.00032846894586913145
783	0.00022985756934525148
784	6.955271734299107e-05
785	-0.00031437614563875615
786	0.00029605382807423863
787	-3.104028983123841e-05
788	-0.00025447097971111055
789	0.00031708790974441237
790	-0.00010422878770191546
791	-0.000202241681249965
792	0.0003408741196451459
793	-0.00019418266962778485
794	-0.00011231728873123403
795	0.0003169962122747949
796	-0.00024595052500177295
797	-3.9741722105926525e-05
798	0.00029601955364623456
799	-0.0003048271689198023
800	5.913668175558384e-05
801	0.00023097493055274088
802	-0.0003184531910924576
803	0.00012916498081777528
804	0.0001747864025729018
805	-0.00033436127097771773
806	0.0002138504652748896
807	8.323011326091811e-05
808	-0.0003035460390794914
809	0.00025949537386540933
810	1.0563901421178912e-05
811	-0.00027616926996812396
812	0.0003109419016345677
813	-8.60014690712424e-05
814	-0.00020654807128148156
815	0.0003172098295415593
816	-0.0001523462586081048
817	-0.00014705212714588578
818	0.0003254706053702622
819	-0.00023138956971317792
820	-5.451425260957765e-05
821	0.00028808929299428687
822	-0.0002706687392317053
823	1.759519712087043e-05
824	0.000254821389636839
825	-0.00031463364771389113
826	0.0001112856544800006
827	0.0001812112157704715
828	-0.00031363853598331826
829	0.0001734727970636174
830	0.00011905916446838805
831	-0.0003145338030118294
832	0.000246550398616735
833	2.6183131277612848e-05
834	-0.0002709866017733126
835	0.00027928365694732116
836	-4.474745679200476e-05
837	-0.00023236540840190778
838	0.00031576647138281677
839	-0.00013503668294924387
840	-0.0001553587550872093
841	0.0003076634296593078
842	-0.00019263471469599391
843	-9.120063100490072e-05
844	0.0003015138300377085
845	-0.00025947685905439166
846	1.3907646037453203e-06
847	0.0002522432709513439
848	-0.00028553215947219046
849	7.055176811246455e-05
850	0.00020882367585546568
851	-0.00031458930124314555
852	0.00015695432151316413
853	0.0001290273675490783
854	-0.0002995738155663896
855	0.00020958524507502796
856	6.3504671634379e-05
857	-0.00028674425938736425
858	0.0002699727429963522
859	-2.8195750035778233e-05
860	-0.000232214506863615
861	0.00028927982805650176
862	-9.502755637466609e-05
863	-0.00018457085291184727
864	0.0003110149555118763
865	-0.0001770998627923931
866	-0.00010258869081727906
867	0.0002893368135488683
868	-0.00022443046049105964
869	-3.633210875256254e-05
870	0.0002702241417791851
871	-0.00027819938048395665
872	5.389801412436501e-05
873	0.00021093252749088132
874	-0.0002907340443411427
875	0.00011787946359204104
876	0.00015964796649292623
877	-0.00030530407075954336
878	0.00019522195000855336
879	7.60878848786728e-05
880	-0.00027724780694771134
881	0.00023697517026718962
882	9.712156707863961e-06
883	-0.0002522854563843102
884	0.00028401116321125075
885	-7.849337763760067e-05
886	-0.00018874331882190454
887	0.00028980857901847457
888	-0.00013913910084374648
889	-0.0001344108883457873
890	0.0002974128256534453
891	-0.00021139882615769934
892	-4.987024909680615e-05
893	0.00026331038443849764
894	-0.0002473431719879349
895	1.602955246705895e-05
896	0.00023295630683303759
897	-0.00028758693949161585
898	0.00010168865479942557
899	0.0001656985889599144
900	-0.00028672507022112215
901	0.0001585574747986901
902	0.0001089120739834748
903	-0.00028761110028946435
904	0.0002254273591680428
905	2.398263859104688e-05
906	-0.00024782281107191273
907	0.0002553885811370088
908	-4.0868719138276166e-05
909	-0.0002125631703960018
910	0.0002888281910695678
911	-0.0001234919637338877
912	-0.00014213110875101187
913	0.0002814405076531634
914	-0.00017618195537572046
915	-8.348473775851573e-05
916	0.00027589258261692673
917	-0.0002374047084719999
918	1.2592783630582804e-06
919	0.00023081838325368642
920	-0.00026125357488726575
921	6.451727605499835e-05
922	0.00019115615840580025
923	-0.0002879303414995149
924	0.00014365204097793738
925	0.00011810491592886829
926	-0.00027418878444335215
927	0.0001918097573143096
928	5.818599261830926e-05
929	-0.0002625332255935253
930	0.0002471745246365453
931	-2.5813012856368278e-05
932	-0.00021259454930169785
933	0.00026483854031256193
934	-8.696094026694468e-05
935	-0.00016905210834498863
936	0.0002848377818829434
937	-0.00016219305846018606
938	-9.39355656351254e-05
939	0.0002649646276817186
940	-0.0002055064915074678
941	-3.332279047588149e-05
942	0.00024755804660007985
943	-0.0002548537415703739
944	4.939537408510386e-05
945	0.00019320747326406762
946	-0.0002663036408376007
947	0.00010795094279741901
948	0.00014631623607522237
949	-0.0002797606435391009
950	0.00017890623783523019
951	6.969267822407033e-05
952	-0.0002540114195609955
953	0.00021711462063894738
954	8.950743401958672e-06
955	-0.000231245366642846
956	0.00026033056764122875
957	-7.197346813231364e-05
958	-0.0001729497703773092
959	0.00026559179103183284
960	-0.00012748716306948404
961	-0.0001232515591905181
962	0.0002726814652067866
963	-0.00019383449615012482
964	-4.56707644985177e-05
965	0.0002413557563475388
966	-0.00022671939877613734
967	1.4652644624829625e-05
968	0.00021364516678204493
969	-0.00026374152037383913
970	9.32988538961399e-05
971	0.00015189370849029438
972	-0.0002628797961564122
973	0.00014536113564014852
974	9.993178924230794e-05
975	-0.0002638224296884206
976	0.0002068113207240041
977	2.1938833395587776e-05
978	-0.00022724713831104304
979	0.00023420677359839437
980	-3.7438691389626855e-05
981	-0.0001950340759737379
982	0.00026501639849564607
983	-0.00011335254652750093
984	-0.0001303229181078419
985	0.00025814872849287684
986	-0.00016159004618215844
987	-7.664207890892283e-05
988	0.0002531989932216816
989	-0.00021790000073708404
990	1.2331451200164878e-06
991	0.00021173791580778034
992	-0.00023968200558613373
993	5.916197515590249e-05
994	0.00017548063744726727
995	-0.00026431015008997194
996	0.00013192245413475023
997	0.00010831923687372458
998	-0.0002515898590813026
999	0.00017600595526112706
