L	lambda	concurrence
12.0	1.5	0.0242450902
12.0	1.51	0.0238884304
12.0	1.52	0.0235251458
12.0	1.53	0.0229003338
12.0	1.54	0.0225441861
12.0	1.55	0.022182642
12.0	1.56	0.0218156948
12.0	1.57	0.0214433346
12.0	1.58	0.0210655485
12.0	1.59	0.0206823207
12.0	1.6	0.0202936321
12.0	1.61	0.0198994611
12.0	1.62	0.0194997828
12.0	1.63	0.0190945697
12.0	1.64	0.0186837916
12.0	1.65	0.0182674153
12.0	1.66	0.0178454051
12.0	1.67	0.0174177227
12.0	1.68	0.0169843271
12.0	1.69	0.0165451749
12.0	1.7	0.0161002202
12.0	1.71	0.0156494146
12.0	1.72	0.0151927076
12.0	1.73	0.0147300462
12.0	1.74	0.0142613754
12.0	1.75	0.0137866379
12.0	1.76	0.0133057744
12.0	1.77	0.0128187235
12.0	1.78	0.0123254221
12.0	1.79	0.011825805
12.0	1.8	0.0113198053
12.0	1.81	0.0108073544
12.0	1.82	0.0102883821
12.0	1.83	0.0097628165
12.0	1.84	0.00923058439
12.0	1.85	0.00869161105
12.0	1.86	0.00791524126
12.0	1.87	0.00738305935
12.0	1.88	0.00684810438
12.0	1.89	0.00631049702
12.0	1.9	0.0057703578
12.0	1.91	0.00522780709
12.0	1.92	0.00468296499
12.0	1.93	0.0041359513
12.0	1.94	0.00358688543
12.0	1.95	0.00303588633
12.0	1.96	0.00248307244
12.0	1.97	0.00192856163
12.0	1.98	0.00137247113
12.0	1.99	0.000814917464
12.0	2.0	4.03223884e-05
12.0	2.01	0.000913771302
12.0	2.02	0.00157969617
12.0	2.03	0.00225384206
12.0	2.04	0.00293629232
12.0	2.05	0.00362712964
12.0	2.06	0.004326436
12.0	2.07	0.00503429246
12.0	2.08	0.00575077909
12.0	2.09	0.00647597485
12.0	2.1	0.0072099574
12.0	2.11	0.00795280302
12.0	2.12	0.00870458644
12.0	2.13	0.00946538073
12.0	2.14	0.0102352571
12.0	2.15	0.011014285
12.0	2.16	0.0118025314
12.0	2.17	0.0126000615
12.0	2.18	0.0134069377
12.0	2.19	0.0142232201
12.0	2.2	0.0150489661
12.0	2.21	0.0158842303
12.0	2.22	0.0167290641
12.0	2.23	0.0175835161
12.0	2.24	0.0184476314
12.0	2.25	0.0193214517
12.0	2.26	0.0202050153
12.0	2.27	0.0210983565
12.0	2.28	0.022001506
12.0	2.29	0.0229144902
12.0	2.3	0.0238373316
12.0	2.31	0.0247700482
12.0	2.32	0.0257126536
12.0	2.33	0.0266651569
12.0	2.34	0.0276275622
12.0	2.35	0.0285998692
12.0	2.36	0.029582072
12.0	2.37	0.03057416
12.0	2.38	0.0315761171
12.0	2.39	0.032587922
12.0	2.4	0.0336095478
12.0	2.41	0.034640962
12.0	2.42	0.0356821263
12.0	2.43	0.0367329968
12.0	2.44	0.0377935233
12.0	2.45	0.03886365
12.0	2.46	0.0399433148
12.0	2.47	0.0410324494
12.0	2.48	0.0421309794
12.0	2.49	0.0432388241
12.0	2.5	0.0443558963
14.0	1.5	0.0241172312
14.0	1.51	0.0237707724
14.0	1.52	0.0234180585
14.0	1.53	0.0230591225
14.0	1.54	0.0226939984
14.0	1.55	0.0223227208
14.0	1.56	0.0219453252
14.0	1.57	0.0215618481
14.0	1.58	0.021172327
14.0	1.59	0.0207768004
14.0	1.6	0.020375308
14.0	1.61	0.0199678907
14.0	1.62	0.0195545904
14.0	1.63	0.0191354504
14.0	1.64	0.0187105153
14.0	1.65	0.018279831
14.0	1.66	0.0177946618
14.0	1.67	0.0173571979
14.0	1.68	0.0169145206
14.0	1.69	0.0164666432
14.0	1.7	0.0160135762
14.0	1.71	0.0155553276
14.0	1.72	0.0150919026
14.0	1.73	0.0146233035
14.0	1.74	0.0141495301
14.0	1.75	0.0136705794
14.0	1.76	0.0131864453
14.0	1.77	0.0126971194
14.0	1.78	0.0122025902
14.0	1.79	0.0117028435
14.0	1.8	0.0111978623
14.0	1.81	0.0106876269
14.0	1.82	0.0101721148
14.0	1.83	0.00965130064
14.0	1.84	0.00912515645
14.0	1.85	0.00859365147
14.0	1.86	0.00805675223
14.0	1.87	0.00751442258
14.0	1.88	0.00696662368
14.0	1.89	0.00641331408
14.0	1.9	0.00580882766
14.0	1.91	0.0052496907
14.0	1.92	0.00468661777
14.0	1.93	0.00411969718
14.0	1.94	0.00354901854
14.0	1.95	0.00297467273
14.0	1.96	0.00239675187
14.0	1.97	0.00181534925
14.0	1.98	0.0012305593
14.0	1.99	0.000642477581
14.0	2.0	1.17683717e-05
14.0	2.01	0.000674784779
14.0	2.02	0.00130464314
14.0	2.03	0.00194084848
14.0	2.04	0.00258347676
14.0	2.05	0.00323260575
14.0	2.06	0.00388831495
14.0	2.07	0.00455068552
14.0	2.08	0.0052198002
14.0	2.09	0.0058957432
14.0	2.1	0.0065786001
14.0	2.11	0.0072684578
14.0	2.12	0.00796540437
14.0	2.13	0.00866952894
14.0	2.14	0.00938092165
14.0	2.15	0.0100996735
14.0	2.16	0.0108258761
14.0	2.17	0.0115596219
14.0	2.18	0.0123010038
14.0	2.19	0.0130501148
14.0	2.2	0.0138070484
14.0	2.21	0.0145718981
14.0	2.22	0.0153447575
14.0	2.23	0.0161257196
14.0	2.24	0.0169148775
14.0	2.25	0.0177123235
14.0	2.26	0.0185181494
14.0	2.27	0.019332446
14.0	2.28	0.0201553032
14.0	2.29	0.0209868097
14.0	2.3	0.0218270529
14.0	2.31	0.0226761187
14.0	2.32	0.0235340911
14.0	2.33	0.0244010522
14.0	2.34	0.0252770823
14.0	2.35	0.0261622592
14.0	2.36	0.027056658
14.0	2.37	0.0279603515
14.0	2.38	0.0288734095
14.0	2.39	0.0297958984
14.0	2.4	0.0307278815
14.0	2.41	0.0316694188
14.0	2.42	0.0326205661
14.0	2.43	0.0335813757
14.0	2.44	0.0345518953
14.0	2.45	0.0355321685
14.0	2.46	0.0365222342
14.0	2.47	0.0375221266
14.0	2.48	0.0385318747
14.0	2.49	0.0395515024
14.0	2.5	0.0405810279
16.0	1.5	0.0240863024
16.0	1.51	0.0237387801
16.0	1.52	0.0233852631
16.0	1.53	0.0230257858
16.0	1.54	0.0226603819
16.0	1.55	0.0222890848
16.0	1.56	0.0219119269
16.0	1.57	0.0215289404
16.0	1.58	0.0211401569
16.0	1.59	0.0207456076
16.0	1.6	0.0203453234
16.0	1.61	0.019939335
16.0	1.62	0.0195276727
16.0	1.63	0.0191103668
16.0	1.64	0.0186874475
16.0	1.65	0.0182589448
16.0	1.66	0.0178248889
16.0	1.67	0.0173853101
16.0	1.68	0.0169402387
16.0	1.69	0.0164897054
16.0	1.7	0.0160337411
16.0	1.71	0.015572377
16.0	1.72	0.0151056448
16.0	1.73	0.0146335765
16.0	1.74	0.0141465566
16.0	1.75	0.0136649111
16.0	1.76	0.0131781707
16.0	1.77	0.0126863561
16.0	1.78	0.0121894862
16.0	1.79	0.0116875778
16.0	1.8	0.0111806458
16.0	1.81	0.0106687027
16.0	1.82	0.0101517592
16.0	1.83	0.00962982353
16.0	1.84	0.00910290193
16.0	1.85	0.00857099821
16.0	1.86	0.00803411386
16.0	1.87	0.00749224804
16.0	1.88	0.00694539748
16.0	1.89	0.00639355648
16.0	1.9	0.00583671684
16.0	1.91	0.00527486786
16.0	1.92	0.00469848851
16.0	1.93	0.00412765925
16.0	1.94	0.00355237232
16.0	1.95	0.00297268301
16.0	1.96	0.00238864809
16.0	1.97	0.0018003258
16.0	1.98	0.00120777592
16.0	1.99	0.000611059729
16.0	2.0	9.2680633e-06
16.0	2.01	0.000623343479
16.0	2.02	0.00124174723
16.0	2.03	0.00186549385
16.0	2.04	0.00249462867
16.0	2.05	0.00312919973
16.0	2.06	0.0037692578
16.0	2.07	0.00441485634
16.0	2.08	0.00506605148
16.0	2.09	0.00572290203
16.0	2.1	0.00638546943
16.0	2.11	0.00705381774
16.0	2.12	0.00772801359
16.0	2.13	0.00840812618
16.0	2.14	0.00909422721
16.0	2.15	0.00978639083
16.0	2.16	0.0104846936
16.0	2.17	0.0111892145
16.0	2.18	0.0119000348
16.0	2.19	0.012617238
16.0	2.2	0.0133409097
16.0	2.21	0.0140711377
16.0	2.22	0.0148080119
16.0	2.23	0.0155516239
16.0	2.24	0.0163020673
16.0	2.25	0.0170594376
16.0	2.26	0.0178238316
16.0	2.27	0.0185953481
16.0	2.28	0.0193740868
16.0	2.29	0.0201601492
16.0	2.3	0.0209536378
16.0	2.31	0.021754656
16.0	2.32	0.0225633083
16.0	2.33	0.0233797
16.0	2.34	0.0242039369
16.0	2.35	0.0250361253
16.0	2.36	0.0258763717
16.0	2.37	0.0267247829
16.0	2.38	0.0275814655
16.0	2.39	0.0284465259
16.0	2.4	0.0293200699
16.0	2.41	0.0302022028
16.0	2.42	0.0310930289
16.0	2.43	0.0319926516
16.0	2.44	0.0329011729
16.0	2.45	0.033818693
16.0	2.46	0.0347453107
16.0	2.47	0.0356811226
16.0	2.48	0.0366262228
16.0	2.49	0.0375807033
16.0	2.5	0.038544653
18.0	1.5	0.0240925022
18.0	1.51	0.0237442022
18.0	1.52	0.0233898691
18.0	1.53	0.0230295456
18.0	1.54	0.0226632741
18.0	1.55	0.0222910965
18.0	1.56	0.0219130545
18.0	1.57	0.0215291894
18.0	1.58	0.0211395419
18.0	1.59	0.0207419135
18.0	1.6	0.0203411342
18.0	1.61	0.019934713
18.0	1.62	0.0195226839
18.0	1.63	0.0191050804
18.0	1.64	0.0186819354
18.0	1.65	0.0182532808
18.0	1.66	0.0178191481
18.0	1.67	0.0173795681
18.0	1.68	0.016934571
18.0	1.69	0.0164841866
18.0	1.7	0.0160284441
18.0	1.71	0.0155673721
18.0	1.72	0.0151009991
18.0	1.73	0.014629353
18.0	1.74	0.0141524614
18.0	1.75	0.0136703516
18.0	1.76	0.0131830508
18.0	1.77	0.0126905858
18.0	1.78	0.0121929834
18.0	1.79	0.0116902704
18.0	1.8	0.0111806862
18.0	1.81	0.0106680728
18.0	1.82	0.0101504732
18.0	1.83	0.00962790868
18.0	1.84	0.00910039934
18.0	1.85	0.00856796378
18.0	1.86	0.00803061915
18.0	1.87	0.00748838105
18.0	1.88	0.00694126352
18.0	1.89	0.00638927895
18.0	1.9	0.00583243803
18.0	1.91	0.0052707497
18.0	1.92	0.00470422107
18.0	1.93	0.00413285739
18.0	1.94	0.00355482984
18.0	1.95	0.00297412165
18.0	1.96	0.00238879736
18.0	1.97	0.00179889168
18.0	1.98	0.00120444025
18.0	1.99	0.000605479776
18.0	2.0	2.36854727e-07
18.0	2.01	0.000612146317
18.0	2.02	0.00122712592
18.0	2.03	0.00184700331
18.0	2.04	0.00247179746
18.0	2.05	0.00310152984
18.0	2.06	0.0037362245
18.0	2.07	0.00437590804
18.0	2.08	0.00502060973
18.0	2.09	0.00567036151
18.0	2.1	0.006325198
18.0	2.11	0.0069851566
18.0	2.12	0.00765027747
18.0	2.13	0.00832060358
18.0	2.14	0.00899618071
18.0	2.15	0.00967705752
18.0	2.16	0.0103632855
18.0	2.17	0.0110549191
18.0	2.18	0.0117520156
18.0	2.19	0.0124546352
18.0	2.2	0.013162841
18.0	2.21	0.0138766991
18.0	2.22	0.0145962783
18.0	2.23	0.0153216506
18.0	2.24	0.0160528906
18.0	2.25	0.0167900759
18.0	2.26	0.017533287
18.0	2.27	0.018282607
18.0	2.28	0.019038122
18.0	2.29	0.0197999207
18.0	2.3	0.0205680946
18.0	2.31	0.0213427376
18.0	2.32	0.0221239465
18.0	2.33	0.0229118203
18.0	2.34	0.0237064606
18.0	2.35	0.0245079712
18.0	2.36	0.0253164584
18.0	2.37	0.0261320305
18.0	2.38	0.0269547977
18.0	2.39	0.0277848723
18.0	2.4	0.0286223685
18.0	2.41	0.029467402
18.0	2.42	0.03032009
18.0	2.43	0.0311805512
18.0	2.44	0.0320489055
18.0	2.45	0.0329252737
18.0	2.46	0.0338097776
18.0	2.47	0.0347025396
18.0	2.48	0.0356036826
18.0	2.49	0.0365133296
18.0	2.5	0.0374316037
20.0	1.5	0.0240907258
20.0	1.51	0.0237424617
20.0	1.52	0.0233881856
20.0	1.53	0.023027939
20.0	1.54	0.0226617628
20.0	1.55	0.0222896972
20.0	1.56	0.0219117822
20.0	1.57	0.0215280569
20.0	1.58	0.0211385601
20.0	1.59	0.0207433299
20.0	1.6	0.0203424042
20.0	1.61	0.0199358201
20.0	1.62	0.0195236143
20.0	1.63	0.019105823
20.0	1.64	0.0186824819
20.0	1.65	0.0182536261
20.0	1.66	0.0178192904
20.0	1.67	0.0173790935
20.0	1.68	0.016933967
20.0	1.69	0.0164834676
20.0	1.7	0.0160276264
20.0	1.71	0.0155664738
20.0	1.72	0.0151000395
20.0	1.73	0.0146283525
20.0	1.74	0.0141514413
20.0	1.75	0.0136693338
20.0	1.76	0.0131820572
20.0	1.77	0.0126896383
20.0	1.78	0.0121921033
20.0	1.79	0.0116894778
20.0	1.8	0.0111817872
20.0	1.81	0.0106690561
20.0	1.82	0.010151309
20.0	1.83	0.00962856983
20.0	1.84	0.00910051806
20.0	1.85	0.00856792109
20.0	1.86	0.00803041554
20.0	1.87	0.0074880222
20.0	1.88	0.00694076087
20.0	1.89	0.00638865035
20.0	1.9	0.00583170833
20.0	1.91	0.00526995143
20.0	1.92	0.00470339507
20.0	1.93	0.00413205346
20.0	1.94	0.00355593958
20.0	1.95	0.00297469279
20.0	1.96	0.00238913654
20.0	1.97	0.00179890655
20.0	1.98	0.00120402618
20.0	1.99	0.000604519149
20.0	2.0	7.97053878e-08
20.0	2.01	0.000609684664
20.0	2.02	0.00122368062
20.0	2.03	0.00184239847
20.0	2.04	0.00246584103
20.0	2.05	0.00309401306
20.0	2.06	0.00372692128
20.0	2.07	0.00436457446
20.0	2.08	0.00500698347
20.0	2.09	0.00565416135
20.0	2.1	0.00630612338
20.0	2.11	0.00696288711
20.0	2.12	0.00762447248
20.0	2.13	0.00829090184
20.0	2.14	0.00896220002
20.0	2.15	0.00963839438
20.0	2.16	0.0103195149
20.0	2.17	0.0110055943
20.0	2.18	0.0116966678
20.0	2.19	0.0123927737
20.0	2.2	0.0130939528
20.0	2.21	0.0138002491
20.0	2.22	0.0145117093
20.0	2.23	0.0152283831
20.0	2.24	0.0159503235
20.0	2.25	0.016677586
20.0	2.26	0.0174102299
20.0	2.27	0.018148317
20.0	2.28	0.0188919126
20.0	2.29	0.0196410852
20.0	2.3	0.0203959065
20.0	2.31	0.0211564512
20.0	2.32	0.0219227976
20.0	2.33	0.022695027
20.0	2.34	0.023473224
20.0	2.35	0.0242574766
20.0	2.36	0.0250478759
20.0	2.37	0.0258445161
20.0	2.38	0.0266474949
20.0	2.39	0.0274569131
20.0	2.4	0.0282728744
20.0	2.41	0.0290954858
20.0	2.42	0.0299248573
20.0	2.43	0.0307611017
20.0	2.44	0.031604335
20.0	2.45	0.0324546757
20.0	2.46	0.0333122452
20.0	2.47	0.0341771674
20.0	2.48	0.0350495687
20.0	2.49	0.0359295778
20.0	2.5	0.0368173258
22.0	1.5	0.024090845
22.0	1.51	0.0237425232
22.0	1.52	0.0233881906
22.0	1.53	0.0230278893
22.0	1.54	0.0226615422
22.0	1.55	0.022289449
22.0	1.56	0.0219115119
22.0	1.57	0.0215277703
22.0	1.58	0.0211382631
22.0	1.59	0.0207430284
22.0	1.6	0.0203421041
22.0	1.61	0.0199355269
22.0	1.62	0.0195233335
22.0	1.63	0.0191055596
22.0	1.64	0.0186822404
22.0	1.65	0.0182534108
22.0	1.66	0.0178191047
22.0	1.67	0.0173793557
22.0	1.68	0.0169341968
22.0	1.69	0.0164836605
22.0	1.7	0.0160277784
22.0	1.71	0.0155665821
22.0	1.72	0.0151001021
22.0	1.73	0.0146282923
22.0	1.74	0.0141513498
22.0	1.75	0.0136692144
22.0	1.76	0.013181914
22.0	1.77	0.0126894759
22.0	1.78	0.012191927
22.0	1.79	0.0116892935
22.0	1.8	0.0111816007
22.0	1.81	0.0106688739
22.0	1.82	0.0101511373
22.0	1.83	0.00962841478
22.0	1.84	0.00910072971
22.0	1.85	0.00856810483
22.0	1.86	0.00803056242
22.0	1.87	0.00748805849
22.0	1.88	0.00694075913
22.0	1.89	0.00638861006
22.0	1.9	0.00583163092
22.0	1.91	0.00526984063
22.0	1.92	0.00470325725
22.0	1.93	0.00413189805
22.0	1.94	0.0035557794
22.0	1.95	0.0029749168
22.0	1.96	0.00238925188
22.0	1.97	0.00179896328
22.0	1.98	0.00120399341
22.0	1.99	0.000604360296
22.0	2.0	4.19608031e-08
22.0	2.01	0.000609138734
22.0	2.02	0.00122285983
22.0	2.03	0.00184123846
22.0	2.04	0.00246426921
22.0	2.05	0.00309194803
22.0	2.06	0.00372427228
22.0	2.07	0.00436124084
22.0	2.08	0.00500285409
22.0	2.09	0.00564911407
22.0	2.1	0.00630002447
22.0	2.11	0.00695559072
22.0	2.12	0.00761582007
22.0	2.13	0.00828072164
22.0	2.14	0.00895030649
22.0	2.15	0.00962458773
22.0	2.16	0.0103035805
22.0	2.17	0.0109873022
22.0	2.18	0.0116757724
22.0	2.19	0.012369013
22.0	2.2	0.0130670482
22.0	2.21	0.0137699049
22.0	2.22	0.0144776123
22.0	2.23	0.0151902022
22.0	2.24	0.0159077094
22.0	2.25	0.0166301712
22.0	2.26	0.0173576277
22.0	2.27	0.018090122
22.0	2.28	0.0188277003
22.0	2.29	0.0195704117
22.0	2.3	0.0203183084
22.0	2.31	0.021071446
22.0	2.32	0.021829883
22.0	2.33	0.0225936815
22.0	2.34	0.023362907
22.0	2.35	0.0241376282
22.0	2.36	0.0249179174
22.0	2.37	0.0257038505
22.0	2.38	0.0264955069
22.0	2.39	0.0272929697
22.0	2.4	0.0280963254
22.0	2.41	0.0289056645
22.0	2.42	0.029721081
22.0	2.43	0.0305426727
22.0	2.44	0.0313705411
22.0	2.45	0.0322047913
22.0	2.46	0.0330455324
22.0	2.47	0.0338928769
22.0	2.48	0.0347469412
22.0	2.49	0.0356078453
22.0	2.5	0.0364757126
24.0	1.5	0.0240907634
24.0	1.51	0.0237424498
24.0	1.52	0.0233881263
24.0	1.53	0.023027835
24.0	1.54	0.0226616175
24.0	1.55	0.0222895148
24.0	1.56	0.021911567
24.0	1.57	0.0215278139
24.0	1.58	0.0211382947
24.0	1.59	0.0207430478
24.0	1.6	0.0203421111
24.0	1.61	0.0199354988
24.0	1.62	0.019523298
24.0	1.63	0.0191055179
24.0	1.64	0.0186821939
24.0	1.65	0.0182533608
24.0	1.66	0.0178190527
24.0	1.67	0.0173793032
24.0	1.68	0.0169341453
24.0	1.69	0.0164836112
24.0	1.7	0.0160277328
24.0	1.71	0.0155665413
24.0	1.72	0.0151000672
24.0	1.73	0.0146283406
24.0	1.74	0.0141513909
24.0	1.75	0.0136692469
24.0	1.76	0.0131819369
24.0	1.77	0.0126894729
24.0	1.78	0.0121919164
24.0	1.79	0.0116892759
24.0	1.8	0.0111815771
24.0	1.81	0.0106688453
24.0	1.82	0.0101511051
24.0	1.83	0.00962838053
24.0	1.84	0.00910069506
24.0	1.85	0.00856807155
24.0	1.86	0.00803053228
24.0	1.87	0.00748809898
24.0	1.88	0.00694079279
24.0	1.89	0.0063886211
24.0	1.9	0.00583163327
24.0	1.91	0.00526983387
24.0	1.92	0.00470324164
24.0	1.93	0.00413187468
24.0	1.94	0.00355575038
24.0	1.95	0.00297488544
24.0	1.96	0.00238929584
24.0	1.97	0.00179898336
24.0	1.98	0.00120399629
24.0	1.99	0.000604335464
24.0	2.0	1.38131975e-08
24.0	2.01	0.000609016738
24.0	2.02	0.00122266253
24.0	2.03	0.00184094361
24.0	2.04	0.00246385079
24.0	2.05	0.00309137587
24.0	2.06	0.00372351172
24.0	2.07	0.00436025228
24.0	2.08	0.00500159265
24.0	2.09	0.0056475291
24.0	2.1	0.00629805914
24.0	2.11	0.00695318159
24.0	2.12	0.0076128966
24.0	2.13	0.00827720573
24.0	2.14	0.00894611204
24.0	2.15	0.00961962008
24.0	2.16	0.010297736
24.0	2.17	0.0109804678
24.0	2.18	0.0116678249
24.0	2.19	0.0123598187
24.0	2.2	0.0130564626
24.0	2.21	0.0137577717
24.0	2.22	0.0144637635
24.0	2.23	0.0151744572
24.0	2.24	0.0158898747
24.0	2.25	0.0166100397
24.0	2.26	0.0173349785
24.0	2.27	0.0180647201
24.0	2.28	0.0187992956
24.0	2.29	0.019538739
24.0	2.3	0.0202830871
24.0	2.31	0.0210323793
24.0	2.32	0.0217866581
24.0	2.33	0.0225459689
24.0	2.34	0.0233103603
24.0	2.35	0.024079884
24.0	2.36	0.024854595
24.0	2.37	0.0256345516
24.0	2.38	0.0264198157
24.0	2.39	0.0272104526
24.0	2.4	0.0280065313
24.0	2.41	0.0288081246
24.0	2.42	0.0296153087
24.0	2.43	0.0304281642
24.0	2.44	0.0312467752
24.0	2.45	0.03207123
24.0	2.46	0.0329016209
24.0	2.47	0.0337380444
24.0	2.48	0.034580601
24.0	2.49	0.0354293956
24.0	2.5	0.0362845372
26.0	1.5	0.0240907587
26.0	1.51	0.0237424359
26.0	1.52	0.023388111
26.0	1.53	0.0230278188
26.0	1.54	0.0226616009
26.0	1.55	0.0222894982
26.0	1.56	0.0219115508
26.0	1.57	0.0215277986
26.0	1.58	0.0211382806
26.0	1.59	0.0207430352
26.0	1.6	0.0203421003
26.0	1.61	0.0199355132
26.0	1.62	0.0195233105
26.0	1.63	0.0191055282
26.0	1.64	0.0186822018
26.0	1.65	0.0182533661
26.0	1.66	0.0178190554
26.0	1.67	0.0173792992
26.0	1.68	0.0169341396
26.0	1.69	0.0164836041
26.0	1.7	0.0160277246
26.0	1.71	0.0155665324
26.0	1.72	0.0151000579
26.0	1.73	0.0146283313
26.0	1.74	0.0141513819
26.0	1.75	0.0136692386
26.0	1.76	0.0131819296
26.0	1.77	0.0126894826
26.0	1.78	0.0121919247
26.0	1.79	0.0116892824
26.0	1.8	0.0111815815
26.0	1.81	0.0106688446
26.0	1.82	0.0101511028
26.0	1.83	0.00962837671
26.0	1.84	0.00910069001
26.0	1.85	0.00856806559
26.0	1.86	0.00803052582
26.0	1.87	0.00748809247
26.0	1.88	0.00694078672
26.0	1.89	0.00638862918
26.0	1.9	0.00583163987
26.0	1.91	0.00526983584
26.0	1.92	0.00470324157
26.0	1.93	0.00413187247
26.0	1.94	0.00355574621
26.0	1.95	0.00297487982
26.0	1.96	0.00238928968
26.0	1.97	0.00179899155
26.0	1.98	0.00120399856
26.0	1.99	0.00060433191
26.0	2.0	1.21856952e-09
26.0	2.01	0.000608989297
26.0	2.02	0.00122261477
26.0	2.03	0.00184086814
26.0	2.04	0.00246373863
26.0	2.05	0.00309121628
26.0	2.06	0.00372329193
26.0	2.07	0.00435995727
26.0	2.08	0.00500120489
26.0	2.09	0.00564702829
26.0	2.1	0.00629742194
26.0	2.11	0.00695238128
26.0	2.12	0.00761190282
26.0	2.13	0.00827598412
26.0	2.14	0.00894462389
26.0	2.15	0.00961782201
26.0	2.16	0.0102955796
26.0	2.17	0.010977899
26.0	2.18	0.0116647841
26.0	2.19	0.0123562398
26.0	2.2	0.013052273
26.0	2.21	0.0137528916
26.0	2.22	0.0144581055
26.0	2.23	0.0151679261
26.0	2.24	0.0158823666
26.0	2.25	0.016601442
26.0	2.26	0.0173251693
26.0	2.27	0.0180535673
26.0	2.28	0.0187866572
26.0	2.29	0.0195244621
26.0	2.3	0.0202670074
26.0	2.31	0.021014321
26.0	2.32	0.0217664331
26.0	2.33	0.0225233767
26.0	2.34	0.0232851872
26.0	2.35	0.0240519028
26.0	2.36	0.0248235648
26.0	2.37	0.0256002172
26.0	2.38	0.0263819071
26.0	2.39	0.027168685
26.0	2.4	0.0279606046
26.0	2.41	0.028757723
26.0	2.42	0.0295601008
26.0	2.43	0.0303678022
26.0	2.44	0.0311808952
26.0	2.45	0.0319994518
26.0	2.46	0.0328235476
26.0	2.47	0.0336532628
26.0	2.48	0.0344886812
26.0	2.49	0.0353298912
26.0	2.5	0.0361769857
28.0	1.5	0.0240907559
28.0	1.51	0.0237424398
28.0	1.52	0.0233881142
28.0	1.53	0.0230278213
28.0	1.54	0.0226616027
28.0	1.55	0.0222894991
28.0	1.56	0.021911551
28.0	1.57	0.0215277968
28.0	1.58	0.0211382784
28.0	1.59	0.0207430327
28.0	1.6	0.0203420976
28.0	1.61	0.0199355103
28.0	1.62	0.0195233076
28.0	1.63	0.0191055254
28.0	1.64	0.0186821992
28.0	1.65	0.0182533638
28.0	1.66	0.0178190535
28.0	1.67	0.0173793018
28.0	1.68	0.0169341417
28.0	1.69	0.0164836058
28.0	1.7	0.0160277258
28.0	1.71	0.015566533
28.0	1.72	0.0151000572
28.0	1.73	0.0146283303
28.0	1.74	0.0141513806
28.0	1.75	0.0136692371
28.0	1.76	0.013181928
28.0	1.77	0.0126894809
28.0	1.78	0.0121919231
28.0	1.79	0.0116892809
28.0	1.8	0.0111815802
28.0	1.81	0.0106688463
28.0	1.82	0.0101511041
28.0	1.83	0.00962837698
28.0	1.84	0.00910068989
28.0	1.85	0.0085680651
28.0	1.86	0.00803052501
28.0	1.87	0.00748809141
28.0	1.88	0.00694078551
28.0	1.89	0.00638862793
28.0	1.9	0.00583163872
28.0	1.91	0.00526983733
28.0	1.92	0.00470324214
28.0	1.93	0.0041318726
28.0	1.94	0.00355574585
28.0	1.95	0.00297487899
28.0	1.96	0.00238928854
28.0	1.97	0.00179899037
28.0	1.98	0.00120399929
28.0	1.99	0.00060433148
28.0	2.0	4.73139479e-11
28.0	2.01	0.00060898309
28.0	2.02	0.00122260313
28.0	2.03	0.00184084871
28.0	2.04	0.00246370841
28.0	2.05	0.00309117154
28.0	2.06	0.00372322808
28.0	2.07	0.00435986878
28.0	2.08	0.00500108509
28.0	2.09	0.00564686925
28.0	2.1	0.00629721431
28.0	2.11	0.00695211411
28.0	2.12	0.00761156334
28.0	2.13	0.00827555759
28.0	2.14	0.00894409334
28.0	2.15	0.00961716802
28.0	2.16	0.01029478
28.0	2.17	0.0109769289
28.0	2.18	0.011663615
28.0	2.19	0.01235484
28.0	2.2	0.0130506068
28.0	2.21	0.0137509193
28.0	2.22	0.0144557828
28.0	2.23	0.0151652039
28.0	2.24	0.0158791907
28.0	2.25	0.0165977526
28.0	2.26	0.0173209006
28.0	2.27	0.0180486473
28.0	2.28	0.018781007
28.0	2.29	0.0195179957
28.0	2.3	0.0202596314
28.0	2.31	0.0210059338
28.0	2.32	0.0217569248
28.0	2.33	0.0225126282
28.0	2.34	0.0232730704
28.0	2.35	0.0240382796
28.0	2.36	0.0248082869
28.0	2.37	0.0255831256
28.0	2.38	0.0263628318
28.0	2.39	0.0271474442
28.0	2.4	0.0279370045
28.0	2.41	0.0287315574
28.0	2.42	0.0295311507
28.0	2.43	0.0303358353
28.0	2.44	0.0311456655
28.0	2.45	0.0319606993
28.0	2.46	0.0327809982
28.0	2.47	0.0336066273
28.0	2.48	0.0344376559
28.0	2.49	0.0352741572
28.0	2.5	0.0361162083
30.0	1.5	0.0240907549
30.0	1.51	0.0237424388
30.0	1.52	0.0233881133
30.0	1.53	0.0230278204
30.0	1.54	0.0226616018
30.0	1.55	0.0222894984
30.0	1.56	0.0219115504
30.0	1.57	0.0215277976
30.0	1.58	0.021138279
30.0	1.59	0.0207430332
30.0	1.6	0.0203420979
30.0	1.61	0.0199355105
30.0	1.62	0.0195233077
30.0	1.63	0.0191055251
30.0	1.64	0.0186821988
30.0	1.65	0.0182533634
30.0	1.66	0.017819053
30.0	1.67	0.0173793013
30.0	1.68	0.0169341412
30.0	1.69	0.0164836053
30.0	1.7	0.0160277254
30.0	1.71	0.0155665326
30.0	1.72	0.0151000577
30.0	1.73	0.0146283306
30.0	1.74	0.0141513808
30.0	1.75	0.013669237
30.0	1.76	0.0131819278
30.0	1.77	0.0126894807
30.0	1.78	0.0121919228
30.0	1.79	0.0116892806
30.0	1.8	0.0111815799
30.0	1.81	0.010668846
30.0	1.82	0.0101511038
30.0	1.83	0.00962837735
30.0	1.84	0.00910069019
30.0	1.85	0.00856806532
30.0	1.86	0.00803052502
30.0	1.87	0.00748809133
30.0	1.88	0.00694078536
30.0	1.89	0.00638862772
30.0	1.9	0.00583163848
30.0	1.91	0.0052698371
30.0	1.92	0.00470324245
30.0	1.93	0.00413187273
30.0	1.94	0.00355574588
30.0	1.95	0.00297487891
30.0	1.96	0.00238928835
30.0	1.97	0.00179899013
30.0	1.98	0.00120399948
30.0	1.99	0.000604331448
30.0	2.0	6.11614648e-11
30.0	2.01	0.000608981679
30.0	2.02	0.00122260029
30.0	2.03	0.00184084368
30.0	2.04	0.00246370023
30.0	2.05	0.00309115893
30.0	2.06	0.00372320946
30.0	2.07	0.00435984212
30.0	2.08	0.00500104792
30.0	2.09	0.00564681854
30.0	2.1	0.00629714638
30.0	2.11	0.00695202455
30.0	2.12	0.00761144691
30.0	2.13	0.00827540807
30.0	2.14	0.00894390343
30.0	2.15	0.0096169292
30.0	2.16	0.0102944824
30.0	2.17	0.010976561
30.0	2.18	0.0116631637
30.0	2.19	0.0123542903
30.0	2.2	0.0130499415
30.0	2.21	0.013750119
30.0	2.22	0.0144548254
30.0	2.23	0.0151640648
30.0	2.24	0.0158778419
30.0	2.25	0.016596163
30.0	2.26	0.0173190355
30.0	2.27	0.0180464681
30.0	2.28	0.0187784708
30.0	2.29	0.0195150553
30.0	2.3	0.0202562344
30.0	2.31	0.0210020228
30.0	2.32	0.0217524367
30.0	2.33	0.0225074941
30.0	2.34	0.0232672148
30.0	2.35	0.0240316205
30.0	2.36	0.0248007349
30.0	2.37	0.0255745837
30.0	2.38	0.0263531952
30.0	2.39	0.0271365994
30.0	2.4	0.0279248293
30.0	2.41	0.0287179202
30.0	2.42	0.02951591
30.0	2.43	0.0303188395
30.0	2.44	0.0311267524
30.0	2.45	0.0319396955
30.0	2.46	0.0327577187
30.0	2.47	0.0335808753
30.0	2.48	0.034409222
30.0	2.49	0.0352428193
30.0	2.5	0.0360817314
