M	lambda	SvN	d_SvN
16	0.01	1.00692229	0.030372000000000732
16	0.02	1.00661857	0.04067849999999851
16	0.03	1.00610872	0.06157250000000403
16	0.04	1.00538712	0.08316250000000025
16	0.05	1.00444547	0.1057364999999919
16	0.06	1.00327239	0.12963100000000338
16	0.07	1.00185285	0.1552520000000044
16	0.08	1.00016735	0.18309335000000004
16	0.09	0.998190983	0.21376460000000463
16	0.1	0.995892058	0.24802539999999595
16	0.11	0.993230475	0.28682455000000573
16	0.12	0.990155567	0.3313558000000043
16	0.13	0.986603359	0.38312414999999334
16	0.14	0.982493084	0.44402959999999325
16	0.15	0.977722767	0.5164668999999975
16	0.16	0.972163746	0.6034375999999995
16	0.17	0.965654015	0.7086582000000021
16	0.18	0.957990582	0.8366261000000108
16	0.19	0.948921493	0.9925648000000038
16	0.2	0.938139286	1.1820995499999967
16	0.21	0.925279502	1.4104256999999976
16	0.22	0.909930772	1.6806587499999992
16	0.23	0.891666327	1.9911427500000087
16	0.24	0.870107917	2.3319873499999986
16	0.25	0.84502658	2.6821992999999935
16	0.26	0.816463931	3.0099969499999943
16	0.27	0.784826641	3.278645900000001
16	0.28	0.750891013	3.452963100000005
16	0.29	0.715767379	3.514553250000013
16	0.3	0.680599948	3.487352449999996
16	0.31	0.64602033	3.394428049999995
16	0.32	0.612711387	3.2507419499999983
16	0.33	0.581005491	3.0786347999999997
16	0.34	0.551138691	2.89141025
16	0.35	0.523177286	2.701098750000007
16	0.36	0.497116716	2.5149310500000013
16	0.37	0.472878665	2.338726900000001
16	0.38	0.450342178	2.1754690499999967
16	0.39	0.429369284	2.026073399999998
16	0.4	0.40982071	1.8902526500000008
16	0.41	0.391564231	1.7671138000000042
16	0.42	0.374478434	1.6555183999999983
16	0.43	0.358453863	1.554281549999999
16	0.44	0.343392803	1.4622721999999975
16	0.45	0.329208419	1.3784574999999997
16	0.46	0.315823653	1.3019166999999996
16	0.47	0.303170085	1.2318394000000037
16	0.48	0.291186865	1.167517049999999
16	0.49	0.279819744	1.1083317499999996
16	0.5	0.26902023	1.0799513999999946
32	0.01	1.16341336	0.029411000000001408
32	0.02	1.16311925	0.039423999999996795
32	0.03	1.16262488	0.05977699999999686
32	0.04	1.16192371	0.08093850000000913
32	0.05	1.16100611	0.10324699999998899
32	0.06	1.15985877	0.12710400000000277
32	0.07	1.15846403	0.15300099999999617
32	0.08	1.15679875	0.18155500000000302
32	0.09	1.15483293	0.2135445000000047
32	0.1	1.15252786	0.2499739999999946
32	0.11	1.14983345	0.29215099999999694
32	0.12	1.14668484	0.3417935000000085
32	0.13	1.14299758	0.4011845000000065
32	0.14	1.13866115	0.4733850000000004
32	0.15	1.13352988	0.5625290000000049
32	0.16	1.12741057	0.6742239999999953
32	0.17	1.1200454	0.8160839999999965
32	0.18	1.11108889	0.9983505000000008
32	0.19	1.10007839	1.2344600000000057
32	0.2	1.08639969	1.541058999999997
32	0.21	1.06925721	1.936256499999999
32	0.22	1.04767456	2.433795500000002
32	0.23	1.0205813	3.0302812500000016
32	0.24	0.987068935	3.686187099999991
32	0.25	0.946857558	4.3133035000000035
32	0.26	0.900802865	4.793037549999994
32	0.27	0.850996807	5.033388149999986
32	0.28	0.800135102	4.999643900000002
32	0.29	0.751003929	4.766247300000018
32	0.3	0.704810156	4.447838999999995
32	0.31	0.662047149	4.092079399999996
32	0.32	0.622968568	3.731342049999995
32	0.33	0.587420308	3.394436549999998
32	0.34	0.555079837	3.09183045
32	0.35	0.525583699	2.824695450000007
32	0.36	0.498585928	2.590239199999999
32	0.37	0.473778915	2.3844406000000014
32	0.38	0.450897116	2.2031977000000005
32	0.39	0.429714961	2.042992199999997
32	0.4	0.410037272	1.9006930499999974
32	0.41	0.3917011	1.7735770000000102
32	0.42	0.374565732	1.6595518499999997
32	0.43	0.358510063	1.5568205499999976
32	0.44	0.343429321	1.4638848999999965
32	0.45	0.329232365	1.379490999999998
32	0.46	0.315839501	1.3025846999999988
32	0.47	0.303180671	1.2322750000000067
32	0.48	0.291194001	1.1678035500000004
32	0.49	0.2798246	1.1085217999999966
32	0.5	0.269023565	1.080103499999995
64	0.01	1.31137018	0.028735999999995876
64	0.02	1.31108282	0.03849099999999339
64	0.03	1.31060036	0.05827750000000265
64	0.04	1.30991727	0.07875400000000354
64	0.05	1.30902528	0.10022749999998837
64	0.06	1.30791272	0.12308199999999658
64	0.07	1.30656364	0.1478065000000015
64	0.08	1.30495659	0.1750394999999969
64	0.09	1.30306285	0.2056335000000047
64	0.1	1.30084392	0.24076050000000748
64	0.11	1.29824764	0.28212899999999763
64	0.12	1.29520134	0.3326904999999982
64	0.13	1.29159383	0.3982055000000031
64	0.14	1.28723723	0.4690570000000065
64	0.15	1.28221269	0.5454519999999903
64	0.16	1.27632819	0.6517589999999984
64	0.17	1.26917751	0.8107935000000097
64	0.18	1.26011232	1.0458005000000057
64	0.19	1.2482615	1.3872785000000007
64	0.2	1.23236675	1.883526500000002
64	0.21	1.21059097	2.5971965000000026
64	0.22	1.18042282	3.5774529999999984
64	0.23	1.13904191	4.9088205000000045
64	0.24	1.08224641	6.011642999999999
64	0.25	1.01880905	6.645088799999989
64	0.26	0.949344634	6.914967799999992
64	0.27	0.880509694	6.6262484499999985
64	0.28	0.816819665	6.035971550000006
64	0.29	0.759790263	5.38414245000002
64	0.3	0.709136816	4.7831846499999955
64	0.31	0.66412657	4.258909199999991
64	0.32	0.623958632	3.811727399999995
64	0.33	0.587892022	3.4326079999999983
64	0.34	0.555306472	3.109905000000005
64	0.35	0.525693922	2.8333075000000107
64	0.36	0.498640322	2.5943853499999996
64	0.37	0.473806215	2.386463150000001
64	0.38	0.450911059	2.2042511499999975
64	0.39	0.429721192	2.043531949999995
64	0.4	0.41004042	1.9009232500000017
64	0.41	0.391702727	1.7736917000000076
64	0.42	0.374566586	1.6596103999999947
64	0.43	0.358510519	1.556850899999997
64	0.44	0.343429568	1.4639007
64	0.45	0.329232505	1.3794993500000015
64	0.46	0.315839581	1.3025894000000005
64	0.47	0.303180717	1.2322776500000021
64	0.48	0.291194028	1.1678050499999966
64	0.49	0.279824616	1.1085227
64	0.5	0.269023574	1.080104200000003
128	0.01	1.46217507	0.027898999999997898
128	0.02	1.46189608	0.0373519999999985
128	0.03	1.46142803	0.056490499999995336
128	0.04	1.46076627	0.07623200000000452
128	0.05	1.45990339	0.09688499999998612
128	0.06	1.45882857	0.11878800000000922
128	0.07	1.45752763	0.14239099999998928
128	0.08	1.45598075	0.16829499999998632
128	0.09	1.45416173	0.19736700000001406
128	0.1	1.45203341	0.2309254999999979
128	0.11	1.44954322	0.27089050000000725
128	0.12	1.4466156	0.3200055000000077
128	0.13	1.44314311	0.38225049999999783
128	0.14	1.43897059	0.4636535000000066
128	0.15	1.43387004	0.573577499999999
128	0.16	1.42749904	0.7269689999999969
128	0.17	1.41933066	0.9485555000000119
128	0.18	1.40852793	1.3324844999999783
128	0.19	1.39268097	1.8436939999999993
128	0.2	1.37165405	2.5865990000000068
128	0.21	1.34094899	3.8158729999999963
128	0.22	1.29533659	5.605406499999994
128	0.23	1.22884086	7.519286500000014
128	0.24	1.14495086	8.812415500000007
128	0.25	1.05259255	9.01822589999999
128	0.26	0.964586342	8.295198299999996
128	0.27	0.886688584	7.27001134999999
128	0.28	0.819186115	6.302937200000002
128	0.29	0.76062984	5.488198600000025
128	0.3	0.709422143	4.820137999999993
128	0.31	0.66422708	4.271356649999991
128	0.32	0.62399501	3.816072799999997
128	0.33	0.587905624	3.434175500000002
128	0.34	0.5553115	3.1104919500000037
128	0.35	0.525695785	2.8335227000000103
128	0.36	0.498641046	2.5944640999999997
128	0.37	0.473806503	2.3864934999999967
128	0.38	0.450911176	2.2042631499999956
128	0.39	0.42972124	2.0435367499999977
128	0.4	0.410040441	1.9009252000000032
128	0.41	0.391702736	1.773692550000007
128	0.42	0.37456659	1.6596107499999952
128	0.43	0.358510521	1.5568510499999988
128	0.44	0.343429569	1.4639008000000011
128	0.45	0.329232505	1.3794993999999985
128	0.46	0.315839581	1.3025894000000005
128	0.47	0.303180717	1.2322776500000021
128	0.48	0.291194028	1.1678050499999966
128	0.49	0.279824616	1.1085226499999976
128	0.5	0.269023575	1.0801041000000002
256	0.01	1.60711149	0.02669699999999775
256	0.02	1.60684452	0.035793499999996925
256	0.03	1.60639562	0.05420699999999101
256	0.04	1.60576038	0.07318250000000148
256	0.05	1.60493197	0.09309650000000147
256	0.06	1.60389845	0.11511099999999885
256	0.07	1.60262975	0.139102500000007
256	0.08	1.6011164	0.16429649999999185
256	0.09	1.59934382	0.1924719999999951
256	0.1	1.59726696	0.22583900000000767
256	0.11	1.59482704	0.2664584999999988
256	0.12	1.59193779	0.31992800000000443
256	0.13	1.58842848	0.41018099999999436
256	0.14	1.58373417	0.5081240000000093
256	0.15	1.578266	0.6085654999999974
256	0.16	1.57156286	0.7730174999999946
256	0.17	1.56280565	1.0395035000000235
256	0.18	1.55077279	1.4746185000000054
256	0.19	1.53331328	2.2197479999999956
256	0.2	1.50637783	3.530734499999994
256	0.21	1.46269859	5.691221999999996
256	0.22	1.39255339	8.638454499999995
256	0.23	1.2899295	11.035678500000003
256	0.24	1.17183982	11.428585499999997
256	0.25	1.06135779	10.24455969999999
256	0.26	0.966948626	8.705208299999988
256	0.27	0.887253624	7.381644599999994
256	0.28	0.819315734	6.3296497999999985
256	0.29	0.760660628	5.49429540000002
256	0.3	0.709429826	4.8215813999999995
256	0.31	0.664229	4.271715449999995
256	0.32	0.623995517	3.816162099999996
256	0.33	0.587905758	3.434198949999999
256	0.34	0.555311538	3.110498100000001
256	0.35	0.525695796	2.8335244500000094
256	0.36	0.498641049	2.5944645999999985
256	0.37	0.473806504	2.3864936499999985
256	0.38	0.450911176	2.2042631999999998
256	0.39	0.42972124	2.0435367499999977
256	0.4	0.410040441	1.9009252000000032
256	0.41	0.391702736	1.773692550000007
256	0.42	0.37456659	1.6596107499999952
256	0.43	0.358510521	1.5568510499999988
256	0.44	0.343429569	1.4639008000000011
256	0.45	0.329232505	1.3794993999999985
256	0.46	0.315839581	1.3025894000000005
256	0.47	0.303180717	1.2322776500000021
256	0.48	0.291194028	1.1678050499999966
256	0.49	0.279824616	1.1085226499999976
256	0.5	0.269023575	1.0801041000000002
